4.93576832443902
3.82294000148281
4.41217407046075
4.50421769558053
5.14996623205432
4.48451978944052
4.26504866937696
3.76673110290721
3.97501509870661
4.77190153063774
5.62105374599187
5.28163219148639
5.62941819466551
5.08457664555718
4.44579496835433
4.72044091650544
5.03410409480143
5.63188963421034
3.80497588478112
4.5457028068197
4.47598323776115
4.44813025118725
4.60986937452032
4.69358588303592
4.75375391846015
6.19987219831583
6.93958433079799
4.63973925565035
4.65687375123099
4.88965894595628
4.65745014656393
5.23316866860412
6.03571956400087
5.11493158283605
5.4277842229069
5.37272664782724
4.00684691373246
6.75129751087897
5.9042342225303
6.20819691767578
5.25490571613288
5.0210609882958
4.82354489017095
4.56436502070706
7.91506446788045
7.1577988633732
6.01922418205157
6.41031073003708
6.24511507507592
5.21158182878717
4.82265662704167
6.01922348694555
5.97290207337507
4.52395605624577
4.8316122930532
4.95075602531269
4.71809456430101
4.78793836306884
5.27316449916209
5.51278084191147
6.02742986379324
5.88597243850237
5.00123135895764
4.86420511051736
5.79746673094854
4.38950983636934
4.15958792576397
4.2452339326753
5.00611353609235
4.94356641476075
5.03456187058929
5.10768519541648
4.92458542681737
5.62181952013666
4.99917328035726
5.04814506626738
4.76975150395806
4.9670249982848
4.48840515093039
5.1967801472581
4.67911480449111
5.39545952549667
5.42694985437006
4.92727208683449
5.00843806676015
5.3379135775866
5.76886930698531
5.14736723413801
5.47260081683595
4.61061790743301
4.79980095573205
4.95951958098089
4.82471321117551
4.71439143679845
4.28750134152592
4.97371914915058
4.91499941314547
5.39322207604932
5.04672074687532
5.02087003863898
5.32350105568841
5.46960826458449
5.19503805547191
5.55593816471324
6.41632880464505
6.67297620545905
5.82929609116115
5.81492781720299
6.16807160596328
6.43161957324497
7.2831053754443
5.46365289645815
5.56279213605325
5.70759867687424
6.40967780629871
5.74002077391963
4.53543092955276
4.80960978787359
5.07914602490987
5.20315349164451
5.21866220851878
5.62048130538639
4.94628170337306
5.00653857986874
5.95011319332063
5.47561042572246
5.9167311190675
5.8304550551496
5.48385005953836
5.68760702809671
5.77027673156131
5.57811446403781
5.46050930812728
6.06955752671046
5.24571092673293
5.3672612788888
5.21801358292042
4.95382539921571
5.2752200445066
5.08987317665241
5.00729065867814
4.93924670022035
5.17951808640384
5.37541035228287
5.13608205288564
5.157576154408
5.28886464043896
5.31266383741638
5.11972404693861
5.82743813852218
5.52919259056295
5.73720296243294
5.47959299780025
5.34830690402009
5.24353071768104
5.72612546985719
5.24959531106392
5.26914303674111
5.58052160271711
5.07490850676582
5.54031340573372
5.39353207372441
5.34933907554624
5.48823649632135
5.21452495464692
5.07112587343488
5.30735814905821
5.4773305185358
5.89056678672101
5.91611678334826
5.55328010624818
5.73817528766809
5.4725636816363
5.05162553604852
5.27819949035225
5.71027939057072
5.49529090019319
5.77431225106173
5.32091656687501
5.71418530725658
4.93576832443902
3.82294000148281
4.41217407046075
4.50421769558053
5.14996623205432
4.48451978944052
4.26504866937696
3.76673110290721
3.97501509870661
4.77190153063774
5.62105374599187
5.28163219148639
5.62941819466551
5.08457664555718
4.44579496835433
4.72044091650544
5.03410409480143
5.63188963421034
3.80497588478112
4.5457028068197
4.47598323776115
4.44813025118725
4.60986937452032
4.69358588303592
4.75375391846015
6.19987219831583
6.93958433079799
4.63973925565035
4.65687375123099
4.88965894595628
4.65745014656393
5.23316866860412
6.03571956400087
5.11493158283605
5.4277842229069
5.37272664782724
4.00684691373246
6.75129751087897
5.9042342225303
6.20819691767578
5.25490571613288
5.0210609882958
4.82354489017095
4.56436502070706
7.91506446788045
7.1577988633732
6.01922418205157
6.41031073003708
6.24511507507592
5.21158182878717
4.82265662704167
6.01922348694555
5.97290207337507
4.52395605624577
4.8316122930532
4.95075602531269
4.71809456430101
4.78793836306884
5.27316449916209
5.51278084191147
6.02742986379324
5.88597243850237
5.00123135895764
4.86420511051736
5.79746673094854
4.38950983636934
4.15958792576397
4.2452339326753
5.00611353609235
4.94356641476075
5.03456187058929
5.10768519541648
4.92458542681737
5.62181952013666
4.99917328035726
5.04814506626738
4.76975150395806
4.9670249982848
4.48840515093039
5.1967801472581
4.67911480449111
5.39545952549667
5.42694985437006
4.92727208683449
5.00843806676015
5.3379135775866
5.76886930698531
5.14736723413801
5.47260081683595
4.61061790743301
4.79980095573205
4.95951958098089
4.82471321117551
4.71439143679845
4.28750134152592
4.97371914915058
4.91499941314547
5.39322207604932
5.04672074687532
5.02087003863898
5.32350105568841
5.46960826458449
5.19503805547191
5.55593816471324
6.41632880464505
6.67297620545905
5.82929609116115
5.81492781720299
6.16807160596328
6.43161957324497
7.2831053754443
5.46365289645815
5.56279213605325
5.70759867687424
6.40967780629871
5.74002077391963
4.53543092955276
4.80960978787359
5.07914602490987
5.20315349164451
5.21866220851878
5.62048130538639
4.94628170337306
5.00653857986874
5.95011319332063
5.47561042572246
5.9167311190675
5.8304550551496
5.48385005953836
5.68760702809671
5.77027673156131
5.57811446403781
5.46050930812728
6.06955752671046
5.24571092673293
5.3672612788888
5.21801358292042
4.95382539921571
5.2752200445066
5.08987317665241
5.00729065867814
4.93924670022035
5.17951808640384
5.37541035228287
5.13608205288564
5.157576154408
5.28886464043896
5.31266383741638
5.11972404693861
5.82743813852218
5.52919259056295
5.73720296243294
5.47959299780025
5.34830690402009
5.24353071768104
5.72612546985719
5.24959531106392
5.26914303674111
5.58052160271711
5.07490850676582
5.54031340573372
5.39353207372441
5.34933907554624
5.48823649632135
5.21452495464692
5.07112587343488
5.30735814905821
5.4773305185358
5.89056678672101
5.91611678334826
5.55328010624818
5.73817528766809
5.4725636816363
5.05162553604852
5.27819949035225
5.71027939057072
5.49529090019319
5.77431225106173
5.32091656687501
5.71418530725658
