  1   INDEXMAX   
         0   ???              1.000   1.000   1.000   0.000   
         1   R_V1_ROI         0.298   0.020   1.000   1.000   
         2   R_MST_ROI        0.204   0.424   0.518   1.000   
         3   R_V6_ROI         0.263   0.369   0.671   1.000   
         4   R_V2_ROI         0.102   0.212   0.937   1.000   
         5   R_V3_ROI         0.071   0.125   0.941   1.000   
         6   R_V4_ROI         0.078   0.141   0.875   1.000   
         7   R_V8_ROI         0.118   0.243   0.816   1.000   
         8   R_4_ROI          0.153   0.686   0.110   1.000   
         9   R_3b_ROI         0.157   0.761   0.090   1.000   
        10   R_FEF_ROI        0.537   0.565   0.580   1.000   
        11   R_PEF_ROI        0.651   0.702   0.663   1.000   
        12   R_55b_ROI        0.435   0.412   0.302   1.000   
        13   R_V3A_ROI        0.094   0.275   0.992   1.000   
        14   R_RSC_ROI        0.616   0.259   0.498   1.000   
        15   R_POS2_ROI       0.824   0.451   0.792   1.000   
        16   R_V7_ROI         0.102   0.361   0.757   1.000   
        17   R_IPS1_ROI       0.224   0.482   0.675   1.000   
        18   R_FFC_ROI        0.224   0.369   0.475   1.000   
        19   R_V3B_ROI        0.161   0.286   0.871   1.000   
        20   R_LO1_ROI        0.067   0.263   0.812   1.000   
        21   R_LO2_ROI        0.082   0.208   0.714   1.000   
        22   R_PIT_ROI        0.129   0.212   0.733   1.000   
        23   R_MT_ROI         0.133   0.365   0.416   1.000   
        24   R_A1_ROI         0.910   0.047   0.169   1.000   
        25   R_PSL_ROI        0.737   0.565   0.529   1.000   
        26   R_SFL_ROI        0.255   0.224   0.200   1.000   
        27   R_PCV_ROI        0.522   0.557   0.608   1.000   
        28   R_STV_ROI        0.565   0.439   0.424   1.000   
        29   R_7Pm_ROI        0.620   0.804   0.749   1.000   
        30   R_7m_ROI         0.192   0.180   0.192   1.000   
        31   R_POS1_ROI       0.369   0.322   0.420   1.000   
        32   R_23d_ROI        0.525   0.204   0.341   1.000   
        33   R_v23ab_ROI      0.114   0.024   0.078   1.000   
        34   R_d23ab_ROI      0.333   0.110   0.212   1.000   
        35   R_31pv_ROI       0.275   0.078   0.204   1.000   
        36   R_5m_ROI         0.188   0.671   0.196   1.000   
        37   R_5mv_ROI        0.553   0.620   0.506   1.000   
        38   R_23c_ROI        0.843   0.749   0.765   1.000   
        39   R_5L_ROI         0.259   0.627   0.282   1.000   
        40   R_24dd_ROI       0.282   0.627   0.176   1.000   
        41   R_24dv_ROI       0.467   0.604   0.263   1.000   
        42   R_7AL_ROI        0.471   0.749   0.510   1.000   
        43   R_SCEF_ROI       0.533   0.584   0.412   1.000   
        44   R_6ma_ROI        0.596   0.663   0.537   1.000   
        45   R_7Am_ROI        0.667   0.965   0.863   1.000   
        46   R_7PL_ROI        0.655   1.000   0.910   1.000   
        47   R_7PC_ROI        0.294   0.698   0.412   1.000   
        48   R_LIPv_ROI       0.255   0.506   0.690   1.000   
        49   R_VIP_ROI        0.235   0.588   0.588   1.000   
        50   R_MIP_ROI        0.506   0.792   0.773   1.000   
        51   R_1_ROI          0.110   0.761   0.165   1.000   
        52   R_2_ROI          0.227   0.702   0.282   1.000   
        53   R_3a_ROI         0.208   0.871   0.110   1.000   
        54   R_6d_ROI         0.145   0.635   0.165   1.000   
        55   R_6mp_ROI        0.302   0.624   0.196   1.000   
        56   R_6v_ROI         0.349   0.710   0.263   1.000   
        57   R_p24pr_ROI      0.596   0.565   0.439   1.000   
        58   R_33pr_ROI       0.475   0.365   0.357   1.000   
        59   R_a24pr_ROI      0.686   0.486   0.490   1.000   
        60   R_p32pr_ROI      0.671   0.561   0.506   1.000   
        61   R_a24_ROI        0.314   0.043   0.137   1.000   
        62   R_d32_ROI        0.455   0.161   0.251   1.000   
        63   R_8BM_ROI        0.522   0.314   0.361   1.000   
        64   R_p32_ROI        0.475   0.200   0.310   1.000   
        65   R_10r_ROI        0.106   0.000   0.024   1.000   
        66   R_47m_ROI        0.365   0.208   0.235   1.000   
        67   R_8Av_ROI        0.357   0.267   0.263   1.000   
        68   R_8Ad_ROI        0.251   0.235   0.188   1.000   
        69   R_9m_ROI         0.196   0.106   0.094   1.000   
        70   R_8BL_ROI        0.161   0.125   0.094   1.000   
        71   R_9p_ROI         0.259   0.200   0.200   1.000   
        72   R_10d_ROI        0.165   0.106   0.098   1.000   
        73   R_8C_ROI         0.482   0.329   0.361   1.000   
        74   R_44_ROI         0.529   0.369   0.357   1.000   
        75   R_45_ROI         0.325   0.243   0.220   1.000   
        76   R_47l_ROI        0.227   0.106   0.122   1.000   
        77   R_a47r_ROI       0.388   0.259   0.282   1.000   
        78   R_6r_ROI         0.729   0.784   0.608   1.000   
        79   R_IFJa_ROI       0.545   0.447   0.396   1.000   
        80   R_IFJp_ROI       0.514   0.545   0.502   1.000   
        81   R_IFSp_ROI       0.518   0.412   0.459   1.000   
        82   R_IFSa_ROI       0.827   0.776   0.737   1.000   
        83   R_p9-46v_ROI     0.600   0.533   0.533   1.000   
        84   R_46_ROI         0.769   0.780   0.729   1.000   
        85   R_a9-46v_ROI     0.690   0.471   0.588   1.000   
        86   R_9-46d_ROI      0.631   0.482   0.573   1.000   
        87   R_9a_ROI         0.278   0.224   0.235   1.000   
        88   R_10v_ROI        0.000   0.031   0.004   1.000   
        89   R_a10p_ROI       0.502   0.333   0.435   1.000   
        90   R_10pp_ROI       0.231   0.173   0.212   1.000   
        91   R_11l_ROI        0.494   0.369   0.435   1.000   
        92   R_13l_ROI        0.463   0.341   0.388   1.000   
        93   R_OFC_ROI        0.208   0.145   0.157   1.000   
        94   R_47s_ROI        0.271   0.125   0.141   1.000   
        95   R_LIPd_ROI       0.584   0.694   0.773   1.000   
        96   R_6a_ROI         0.502   0.773   0.565   1.000   
        97   R_i6-8_ROI       0.482   0.459   0.416   1.000   
        98   R_s6-8_ROI       0.408   0.349   0.322   1.000   
        99   R_43_ROI         0.588   0.533   0.259   1.000   
       100   R_OP4_ROI        0.396   0.616   0.169   1.000   
       101   R_OP1_ROI        0.365   0.561   0.141   1.000   
       102   R_OP2-3_ROI      0.569   0.463   0.239   1.000   
       103   R_52_ROI         0.792   0.267   0.220   1.000   
       104   R_RI_ROI         0.643   0.329   0.169   1.000   
       105   R_PFcm_ROI       0.675   0.573   0.349   1.000   
       106   R_PoI2_ROI       0.518   0.486   0.325   1.000   
       107   R_TA2_ROI        0.533   0.141   0.118   1.000   
       108   R_FOP4_ROI       0.780   0.580   0.557   1.000   
       109   R_MI_ROI         0.651   0.467   0.447   1.000   
       110   R_Pir_ROI        0.420   0.310   0.282   1.000   
       111   R_AVI_ROI        0.596   0.290   0.357   1.000   
       112   R_AAIC_ROI       0.380   0.157   0.184   1.000   
       113   R_FOP1_ROI       0.580   0.490   0.322   1.000   
       114   R_FOP3_ROI       0.725   0.522   0.420   1.000   
       115   R_FOP2_ROI       0.388   0.612   0.220   1.000   
       116   R_PFt_ROI        0.424   0.792   0.451   1.000   
       117   R_AIP_ROI        0.514   0.843   0.635   1.000   
       118   R_EC_ROI         0.220   0.196   0.157   1.000   
       119   R_PreS_ROI       0.404   0.267   0.380   1.000   
       120   R_H_ROI          0.259   0.247   0.180   1.000   
       121   R_ProS_ROI       0.388   0.325   0.694   1.000   
       122   R_PeEc_ROI       0.251   0.235   0.212   1.000   
       123   R_STGa_ROI       0.227   0.176   0.106   1.000   
       124   R_PBelt_ROI      0.773   0.086   0.051   1.000   
       125   R_A5_ROI         0.439   0.161   0.024   1.000   
       126   R_PHA1_ROI       0.290   0.239   0.337   1.000   
       127   R_PHA3_ROI       0.373   0.420   0.494   1.000   
       128   R_STSda_ROI      0.282   0.220   0.165   1.000   
       129   R_STSdp_ROI      0.376   0.255   0.212   1.000   
       130   R_STSvp_ROI      0.369   0.208   0.251   1.000   
       131   R_TGd_ROI        0.145   0.133   0.106   1.000   
       132   R_TE1a_ROI       0.035   0.027   0.000   1.000   
       133   R_TE1p_ROI       0.443   0.408   0.404   1.000   
       134   R_TE2a_ROI       0.282   0.224   0.224   1.000   
       135   R_TF_ROI         0.267   0.290   0.247   1.000   
       136   R_TE2p_ROI       0.427   0.545   0.502   1.000   
       137   R_PHT_ROI        0.812   0.965   0.839   1.000   
       138   R_PH_ROI         0.294   0.502   0.631   1.000   
       139   R_TPOJ1_ROI      0.490   0.369   0.306   1.000   
       140   R_TPOJ2_ROI      0.525   0.620   0.545   1.000   
       141   R_TPOJ3_ROI      0.400   0.549   0.561   1.000   
       142   R_DVT_ROI        0.486   0.518   0.776   1.000   
       143   R_PGp_ROI        0.596   0.788   0.867   1.000   
       144   R_IP2_ROI        0.745   0.690   0.698   1.000   
       145   R_IP1_ROI        0.514   0.455   0.506   1.000   
       146   R_IP0_ROI        0.431   0.643   0.824   1.000   
       147   R_PFop_ROI       0.643   0.745   0.510   1.000   
       148   R_PF_ROI         1.000   0.969   0.847   1.000   
       149   R_PFm_ROI        0.671   0.482   0.529   1.000   
       150   R_PGi_ROI        0.239   0.247   0.220   1.000   
       151   R_PGs_ROI        0.412   0.322   0.322   1.000   
       152   R_V6A_ROI        0.204   0.400   0.702   1.000   
       153   R_VMV1_ROI       0.235   0.275   0.682   1.000   
       154   R_VMV3_ROI       0.200   0.259   0.643   1.000   
       155   R_PHA2_ROI       0.345   0.376   0.392   1.000   
       156   R_V4t_ROI        0.071   0.365   0.518   1.000   
       157   R_FST_ROI        0.294   0.627   0.576   1.000   
       158   R_V3CD_ROI       0.110   0.278   0.796   1.000   
       159   R_LO3_ROI        0.255   0.400   0.686   1.000   
       160   R_VMV2_ROI       0.267   0.290   0.690   1.000   
       161   R_31pd_ROI       0.392   0.173   0.322   1.000   
       162   R_31a_ROI        0.576   0.388   0.490   1.000   
       163   R_VVC_ROI        0.231   0.263   0.486   1.000   
       164   R_25_ROI         0.141   0.075   0.051   1.000   
       165   R_s32_ROI        0.129   0.039   0.027   1.000   
       166   R_pOFC_ROI       0.396   0.224   0.275   1.000   
       167   R_PoI1_ROI       0.714   0.443   0.416   1.000   
       168   R_Ig_ROI         0.416   0.502   0.157   1.000   
       169   R_FOP5_ROI       0.682   0.369   0.431   1.000   
       170   R_p10p_ROI       0.412   0.286   0.349   1.000   
       171   R_p47r_ROI       0.635   0.443   0.494   1.000   
       172   R_TGv_ROI        0.247   0.251   0.216   1.000   
       173   R_MBelt_ROI      0.741   0.039   0.090   1.000   
       174   R_LBelt_ROI      0.835   0.090   0.118   1.000   
       175   R_A4_ROI         0.608   0.137   0.035   1.000   
       176   R_STSva_ROI      0.169   0.141   0.110   1.000   
       177   R_TE1m_ROI       0.361   0.208   0.239   1.000   
       178   R_PI_ROI         0.498   0.208   0.220   1.000   
       179   R_a32pr_ROI      0.620   0.302   0.416   1.000   
       180   R_p24_ROI        0.494   0.149   0.294   1.000   
       181   L_V1_ROI         0.263   0.039   1.000   1.000   
       182   L_MST_ROI        0.192   0.357   0.498   1.000   
       183   L_V6_ROI         0.192   0.333   0.659   1.000   
       184   L_V2_ROI         0.051   0.200   0.929   1.000   
       185   L_V3_ROI         0.020   0.133   0.914   1.000   
       186   L_V4_ROI         0.035   0.078   0.835   1.000   
       187   L_V8_ROI         0.071   0.161   0.749   1.000   
       188   L_4_ROI          0.110   0.682   0.082   1.000   
       189   L_3b_ROI         0.114   0.800   0.075   1.000   
       190   L_FEF_ROI        0.518   0.561   0.537   1.000   
       191   L_PEF_ROI        0.541   0.612   0.580   1.000   
       192   L_55b_ROI        0.235   0.341   0.192   1.000   
       193   L_V3A_ROI        0.008   0.235   0.969   1.000   
       194   L_RSC_ROI        0.592   0.251   0.486   1.000   
       195   L_POS2_ROI       0.733   0.369   0.733   1.000   
       196   L_V7_ROI         0.035   0.286   0.737   1.000   
       197   L_IPS1_ROI       0.184   0.420   0.647   1.000   
       198   L_FFC_ROI        0.224   0.333   0.463   1.000   
       199   L_V3B_ROI        0.078   0.188   0.792   1.000   
       200   L_LO1_ROI        0.000   0.161   0.722   1.000   
       201   L_LO2_ROI        0.035   0.114   0.714   1.000   
       202   L_PIT_ROI        0.106   0.125   0.678   1.000   
       203   L_MT_ROI         0.094   0.318   0.380   1.000   
       204   L_A1_ROI         0.886   0.090   0.165   1.000   
       205   L_PSL_ROI        0.388   0.286   0.184   1.000   
       206   L_SFL_ROI        0.078   0.192   0.086   1.000   
       207   L_PCV_ROI        0.510   0.522   0.604   1.000   
       208   L_STV_ROI        0.522   0.325   0.290   1.000   
       209   L_7Pm_ROI        0.596   0.722   0.733   1.000   
       210   L_7m_ROI         0.133   0.141   0.145   1.000   
       211   L_POS1_ROI       0.310   0.224   0.345   1.000   
       212   L_23d_ROI        0.435   0.220   0.318   1.000   
       213   L_v23ab_ROI      0.075   0.000   0.031   1.000   
       214   L_d23ab_ROI      0.263   0.110   0.196   1.000   
       215   L_31pv_ROI       0.188   0.067   0.161   1.000   
       216   L_5m_ROI         0.149   0.651   0.192   1.000   
       217   L_5mv_ROI        0.565   0.675   0.518   1.000   
       218   L_23c_ROI        0.812   0.737   0.749   1.000   
       219   L_5L_ROI         0.208   0.620   0.259   1.000   
       220   L_24dd_ROI       0.231   0.627   0.149   1.000   
       221   L_24dv_ROI       0.467   0.608   0.263   1.000   
       222   L_7AL_ROI        0.412   0.773   0.533   1.000   
       223   L_SCEF_ROI       0.392   0.565   0.325   1.000   
       224   L_6ma_ROI        0.549   0.682   0.525   1.000   
       225   L_7Am_ROI        0.694   0.957   0.875   1.000   
       226   L_7PL_ROI        0.678   1.000   0.937   1.000   
       227   L_7PC_ROI        0.243   0.690   0.424   1.000   
       228   L_LIPv_ROI       0.247   0.439   0.643   1.000   
       229   L_VIP_ROI        0.180   0.557   0.545   1.000   
       230   L_MIP_ROI        0.510   0.800   0.784   1.000   
       231   L_1_ROI          0.043   0.761   0.137   1.000   
       232   L_2_ROI          0.173   0.690   0.247   1.000   
       233   L_3a_ROI         0.173   0.867   0.086   1.000   
       234   L_6d_ROI         0.086   0.631   0.137   1.000   
       235   L_6mp_ROI        0.243   0.631   0.165   1.000   
       236   L_6v_ROI         0.263   0.671   0.208   1.000   
       237   L_p24pr_ROI      0.522   0.514   0.388   1.000   
       238   L_33pr_ROI       0.506   0.439   0.396   1.000   
       239   L_a24pr_ROI      0.624   0.482   0.463   1.000   
       240   L_p32pr_ROI      0.592   0.541   0.455   1.000   
       241   L_a24_ROI        0.255   0.043   0.082   1.000   
       242   L_d32_ROI        0.357   0.161   0.184   1.000   
       243   L_8BM_ROI        0.424   0.318   0.322   1.000   
       244   L_p32_ROI        0.365   0.129   0.204   1.000   
       245   L_10r_ROI        0.078   0.020   0.000   1.000   
       246   L_47m_ROI        0.392   0.322   0.302   1.000   
       247   L_8Av_ROI        0.216   0.224   0.184   1.000   
       248   L_8Ad_ROI        0.243   0.243   0.184   1.000   
       249   L_9m_ROI         0.145   0.153   0.086   1.000   
       250   L_8BL_ROI        0.094   0.149   0.071   1.000   
       251   L_9p_ROI         0.145   0.161   0.110   1.000   
       252   L_10d_ROI        0.125   0.137   0.106   1.000   
       253   L_8C_ROI         0.388   0.310   0.325   1.000   
       254   L_44_ROI         0.282   0.325   0.220   1.000   
       255   L_45_ROI         0.180   0.251   0.161   1.000   
       256   L_47l_ROI        0.153   0.196   0.118   1.000   
       257   L_a47r_ROI       0.318   0.290   0.271   1.000   
       258   L_6r_ROI         0.675   0.804   0.576   1.000   
       259   L_IFJa_ROI       0.451   0.420   0.361   1.000   
       260   L_IFJp_ROI       0.502   0.553   0.478   1.000   
       261   L_IFSp_ROI       0.396   0.384   0.361   1.000   
       262   L_IFSa_ROI       0.729   0.741   0.686   1.000   
       263   L_p9-46v_ROI     0.549   0.565   0.533   1.000   
       264   L_46_ROI         0.792   0.827   0.769   1.000   
       265   L_a9-46v_ROI     0.549   0.431   0.510   1.000   
       266   L_9-46d_ROI      0.506   0.439   0.498   1.000   
       267   L_9a_ROI         0.184   0.212   0.184   1.000   
       268   L_10v_ROI        0.012   0.122   0.043   1.000   
       269   L_a10p_ROI       0.361   0.263   0.322   1.000   
       270   L_10pp_ROI       0.212   0.200   0.220   1.000   
       271   L_11l_ROI        0.506   0.416   0.467   1.000   
       272   L_13l_ROI        0.345   0.247   0.290   1.000   
       273   L_OFC_ROI        0.157   0.153   0.137   1.000   
       274   L_47s_ROI        0.243   0.149   0.137   1.000   
       275   L_LIPd_ROI       0.608   0.675   0.796   1.000   
       276   L_6a_ROI         0.478   0.753   0.533   1.000   
       277   L_i6-8_ROI       0.384   0.396   0.353   1.000   
       278   L_s6-8_ROI       0.365   0.353   0.298   1.000   
       279   L_43_ROI         0.525   0.537   0.239   1.000   
       280   L_OP4_ROI        0.384   0.592   0.165   1.000   
       281   L_OP1_ROI        0.369   0.600   0.149   1.000   
       282   L_OP2-3_ROI      0.525   0.467   0.196   1.000   
       283   L_52_ROI         0.816   0.298   0.239   1.000   
       284   L_RI_ROI         0.651   0.271   0.098   1.000   
       285   L_PFcm_ROI       0.698   0.569   0.353   1.000   
       286   L_PoI2_ROI       0.482   0.498   0.318   1.000   
       287   L_TA2_ROI        0.494   0.157   0.090   1.000   
       288   L_FOP4_ROI       0.663   0.541   0.478   1.000   
       289   L_MI_ROI         0.584   0.435   0.408   1.000   
       290   L_Pir_ROI        0.357   0.278   0.255   1.000   
       291   L_AVI_ROI        0.522   0.275   0.325   1.000   
       292   L_AAIC_ROI       0.333   0.133   0.157   1.000   
       293   L_FOP1_ROI       0.557   0.565   0.306   1.000   
       294   L_FOP3_ROI       0.678   0.522   0.392   1.000   
       295   L_FOP2_ROI       0.384   0.612   0.224   1.000   
       296   L_PFt_ROI        0.533   0.875   0.553   1.000   
       297   L_AIP_ROI        0.541   0.859   0.647   1.000   
       298   L_EC_ROI         0.184   0.196   0.153   1.000   
       299   L_PreS_ROI       0.376   0.239   0.349   1.000   
       300   L_H_ROI          0.247   0.224   0.176   1.000   
       301   L_ProS_ROI       0.361   0.278   0.690   1.000   
       302   L_PeEc_ROI       0.243   0.255   0.224   1.000   
       303   L_STGa_ROI       0.184   0.180   0.094   1.000   
       304   L_PBelt_ROI      0.737   0.102   0.031   1.000   
       305   L_A5_ROI         0.353   0.173   0.039   1.000   
       306   L_PHA1_ROI       0.278   0.208   0.329   1.000   
       307   L_PHA3_ROI       0.416   0.408   0.486   1.000   
       308   L_STSda_ROI      0.247   0.208   0.137   1.000   
       309   L_STSdp_ROI      0.224   0.227   0.137   1.000   
       310   L_STSvp_ROI      0.251   0.208   0.204   1.000   
       311   L_TGd_ROI        0.110   0.145   0.094   1.000   
       312   L_TE1a_ROI       0.012   0.059   0.004   1.000   
       313   L_TE1p_ROI       0.408   0.392   0.380   1.000   
       314   L_TE2a_ROI       0.267   0.251   0.235   1.000   
       315   L_TF_ROI         0.239   0.278   0.220   1.000   
       316   L_TE2p_ROI       0.447   0.553   0.502   1.000   
       317   L_PHT_ROI        0.914   0.984   0.894   1.000   
       318   L_PH_ROI         0.329   0.471   0.631   1.000   
       319   L_TPOJ1_ROI      0.463   0.361   0.271   1.000   
       320   L_TPOJ2_ROI      0.596   0.604   0.545   1.000   
       321   L_TPOJ3_ROI      0.463   0.533   0.573   1.000   
       322   L_DVT_ROI        0.447   0.478   0.757   1.000   
       323   L_PGp_ROI        0.635   0.737   0.902   1.000   
       324   L_IP2_ROI        0.722   0.651   0.706   1.000   
       325   L_IP1_ROI        0.478   0.482   0.533   1.000   
       326   L_IP0_ROI        0.447   0.604   0.808   1.000   
       327   L_PFop_ROI       0.690   0.792   0.549   1.000   
       328   L_PF_ROI         1.000   0.976   0.875   1.000   
       329   L_PFm_ROI        0.541   0.404   0.451   1.000   
       330   L_PGi_ROI        0.200   0.251   0.200   1.000   
       331   L_PGs_ROI        0.267   0.275   0.235   1.000   
       332   L_V6A_ROI        0.110   0.361   0.651   1.000   
       333   L_VMV1_ROI       0.239   0.247   0.694   1.000   
       334   L_VMV3_ROI       0.192   0.224   0.651   1.000   
       335   L_PHA2_ROI       0.357   0.333   0.353   1.000   
       336   L_V4t_ROI        0.043   0.298   0.506   1.000   
       337   L_FST_ROI        0.325   0.584   0.588   1.000   
       338   L_V3CD_ROI       0.059   0.184   0.706   1.000   
       339   L_LO3_ROI        0.208   0.353   0.667   1.000   
       340   L_VMV2_ROI       0.271   0.239   0.663   1.000   
       341   L_31pd_ROI       0.216   0.133   0.216   1.000   
       342   L_31a_ROI        0.569   0.396   0.490   1.000   
       343   L_VVC_ROI        0.200   0.224   0.486   1.000   
       344   L_25_ROI         0.118   0.094   0.039   1.000   
       345   L_s32_ROI        0.176   0.137   0.075   1.000   
       346   L_pOFC_ROI       0.322   0.227   0.259   1.000   
       347   L_PoI1_ROI       0.663   0.451   0.400   1.000   
       348   L_Ig_ROI         0.361   0.545   0.145   1.000   
       349   L_FOP5_ROI       0.596   0.380   0.400   1.000   
       350   L_p10p_ROI       0.365   0.251   0.329   1.000   
       351   L_p47r_ROI       0.525   0.463   0.455   1.000   
       352   L_TGv_ROI        0.149   0.208   0.161   1.000   
       353   L_MBelt_ROI      0.714   0.078   0.071   1.000   
       354   L_LBelt_ROI      0.902   0.078   0.106   1.000   
       355   L_A4_ROI         0.573   0.145   0.016   1.000   
       356   L_STSva_ROI      0.098   0.122   0.071   1.000   
       357   L_TE1m_ROI       0.263   0.188   0.192   1.000   
       358   L_PI_ROI         0.478   0.208   0.196   1.000   
       359   L_a32pr_ROI      0.502   0.259   0.337   1.000   
       360   L_p24_ROI        0.463   0.149   0.275   1.000   
       401   R2L_V1_ROI       0.298   0.020   1.000   1.000   
       402   R2L_MST_ROI      0.204   0.424   0.518   1.000   
       403   R2L_V6_ROI       0.263   0.369   0.671   1.000   
       404   R2L_V2_ROI       0.102   0.212   0.937   1.000   
       405   R2L_V3_ROI       0.071   0.125   0.941   1.000   
       406   R2L_V4_ROI       0.078   0.141   0.875   1.000   
       407   R2L_V8_ROI       0.118   0.243   0.816   1.000   
       408   R2L_4_ROI        0.153   0.686   0.110   1.000   
       409   R2L_3b_ROI       0.157   0.761   0.090   1.000   
       410   R2L_FEF_ROI      0.537   0.565   0.580   1.000   
       411   R2L_PEF_ROI      0.651   0.702   0.663   1.000   
       412   R2L_55b_ROI      0.435   0.412   0.302   1.000   
       413   R2L_V3A_ROI      0.094   0.275   0.992   1.000   
       414   R2L_RSC_ROI      0.616   0.259   0.498   1.000   
       415   R2L_POS2_ROI     0.824   0.451   0.792   1.000   
       416   R2L_V7_ROI       0.102   0.361   0.757   1.000   
       417   R2L_IPS1_ROI     0.224   0.482   0.675   1.000   
       418   R2L_FFC_ROI      0.224   0.369   0.475   1.000   
       419   R2L_V3B_ROI      0.161   0.286   0.871   1.000   
       420   R2L_LO1_ROI      0.067   0.263   0.812   1.000   
       421   R2L_LO2_ROI      0.082   0.208   0.714   1.000   
       422   R2L_PIT_ROI      0.129   0.212   0.733   1.000   
       423   R2L_MT_ROI       0.133   0.365   0.416   1.000   
       424   R2L_A1_ROI       0.910   0.047   0.169   1.000   
       425   R2L_PSL_ROI      0.737   0.565   0.529   1.000   
       426   R2L_SFL_ROI      0.255   0.224   0.200   1.000   
       427   R2L_PCV_ROI      0.522   0.557   0.608   1.000   
       428   R2L_STV_ROI      0.565   0.439   0.424   1.000   
       429   R2L_7Pm_ROI      0.620   0.804   0.749   1.000   
       430   R2L_7m_ROI       0.192   0.180   0.192   1.000   
       431   R2L_POS1_ROI     0.369   0.322   0.420   1.000   
       432   R2L_23d_ROI      0.525   0.204   0.341   1.000   
       433   R2L_v23ab_ROI    0.114   0.024   0.078   1.000   
       434   R2L_d23ab_ROI    0.333   0.110   0.212   1.000   
       435   R2L_31pv_ROI     0.275   0.078   0.204   1.000   
       436   R2L_5m_ROI       0.188   0.671   0.196   1.000   
       437   R2L_5mv_ROI      0.553   0.620   0.506   1.000   
       438   R2L_23c_ROI      0.843   0.749   0.765   1.000   
       439   R2L_5L_ROI       0.259   0.627   0.282   1.000   
       440   R2L_24dd_ROI     0.282   0.627   0.176   1.000   
       441   R2L_24dv_ROI     0.467   0.604   0.263   1.000   
       442   R2L_7AL_ROI      0.471   0.749   0.510   1.000   
       443   R2L_SCEF_ROI     0.533   0.584   0.412   1.000   
       444   R2L_6ma_ROI      0.596   0.663   0.537   1.000   
       445   R2L_7Am_ROI      0.667   0.965   0.863   1.000   
       446   R2L_7PL_ROI      0.655   1.000   0.910   1.000   
       447   R2L_7PC_ROI      0.294   0.698   0.412   1.000   
       448   R2L_LIPv_ROI     0.255   0.506   0.690   1.000   
       449   R2L_VIP_ROI      0.235   0.588   0.588   1.000   
       450   R2L_MIP_ROI      0.506   0.792   0.773   1.000   
       451   R2L_1_ROI        0.110   0.761   0.165   1.000   
       452   R2L_2_ROI        0.227   0.702   0.282   1.000   
       453   R2L_3a_ROI       0.208   0.871   0.110   1.000   
       454   R2L_6d_ROI       0.145   0.635   0.165   1.000   
       455   R2L_6mp_ROI      0.302   0.624   0.196   1.000   
       456   R2L_6v_ROI       0.349   0.710   0.263   1.000   
       457   R2L_p24pr_ROI    0.596   0.565   0.439   1.000   
       458   R2L_33pr_ROI     0.475   0.365   0.357   1.000   
       459   R2L_a24pr_ROI    0.686   0.486   0.490   1.000   
       460   R2L_p32pr_ROI    0.671   0.561   0.506   1.000   
       461   R2L_a24_ROI      0.314   0.043   0.137   1.000   
       462   R2L_d32_ROI      0.455   0.161   0.251   1.000   
       463   R2L_8BM_ROI      0.522   0.314   0.361   1.000   
       464   R2L_p32_ROI      0.475   0.200   0.310   1.000   
       465   R2L_10r_ROI      0.106   0.000   0.024   1.000   
       466   R2L_47m_ROI      0.365   0.208   0.235   1.000   
       467   R2L_8Av_ROI      0.357   0.267   0.263   1.000   
       468   R2L_8Ad_ROI      0.251   0.235   0.188   1.000   
       469   R2L_9m_ROI       0.196   0.106   0.094   1.000   
       470   R2L_8BL_ROI      0.161   0.125   0.094   1.000   
       471   R2L_9p_ROI       0.259   0.200   0.200   1.000   
       472   R2L_10d_ROI      0.165   0.106   0.098   1.000   
       473   R2L_8C_ROI       0.482   0.329   0.361   1.000   
       474   R2L_44_ROI       0.529   0.369   0.357   1.000   
       475   R2L_45_ROI       0.325   0.243   0.220   1.000   
       476   R2L_47l_ROI      0.227   0.106   0.122   1.000   
       477   R2L_a47r_ROI     0.388   0.259   0.282   1.000   
       478   R2L_6r_ROI       0.729   0.784   0.608   1.000   
       479   R2L_IFJa_ROI     0.545   0.447   0.396   1.000   
       480   R2L_IFJp_ROI     0.514   0.545   0.502   1.000   
       481   R2L_IFSp_ROI     0.518   0.412   0.459   1.000   
       482   R2L_IFSa_ROI     0.827   0.776   0.737   1.000   
       483   R2L_p9-46v_ROI   0.600   0.533   0.533   1.000   
       484   R2L_46_ROI       0.769   0.780   0.729   1.000   
       485   R2L_a9-46v_ROI   0.690   0.471   0.588   1.000   
       486   R2L_9-46d_ROI    0.631   0.482   0.573   1.000   
       487   R2L_9a_ROI       0.278   0.224   0.235   1.000   
       488   R2L_10v_ROI      0.000   0.031   0.004   1.000   
       489   R2L_a10p_ROI     0.502   0.333   0.435   1.000   
       490   R2L_10pp_ROI     0.231   0.173   0.212   1.000   
       491   R2L_11l_ROI      0.494   0.369   0.435   1.000   
       492   R2L_13l_ROI      0.463   0.341   0.388   1.000   
       493   R2L_OFC_ROI      0.208   0.145   0.157   1.000   
       494   R2L_47s_ROI      0.271   0.125   0.141   1.000   
       495   R2L_LIPd_ROI     0.584   0.694   0.773   1.000   
       496   R2L_6a_ROI       0.502   0.773   0.565   1.000   
       497   R2L_i6-8_ROI     0.482   0.459   0.416   1.000   
       498   R2L_s6-8_ROI     0.408   0.349   0.322   1.000   
       499   R2L_43_ROI       0.588   0.533   0.259   1.000   
       500   R2L_OP4_ROI      0.396   0.616   0.169   1.000   
       501   R2L_OP1_ROI      0.365   0.561   0.141   1.000   
       502   R2L_OP2-3_ROI    0.569   0.463   0.239   1.000   
       503   R2L_52_ROI       0.792   0.267   0.220   1.000   
       504   R2L_RI_ROI       0.643   0.329   0.169   1.000   
       505   R2L_PFcm_ROI     0.675   0.573   0.349   1.000   
       506   R2L_PoI2_ROI     0.518   0.486   0.325   1.000   
       507   R2L_TA2_ROI      0.533   0.141   0.118   1.000   
       508   R2L_FOP4_ROI     0.780   0.580   0.557   1.000   
       509   R2L_MI_ROI       0.651   0.467   0.447   1.000   
       510   R2L_Pir_ROI      0.420   0.310   0.282   1.000   
       511   R2L_AVI_ROI      0.596   0.290   0.357   1.000   
       512   R2L_AAIC_ROI     0.380   0.157   0.184   1.000   
       513   R2L_FOP1_ROI     0.580   0.490   0.322   1.000   
       514   R2L_FOP3_ROI     0.725   0.522   0.420   1.000   
       515   R2L_FOP2_ROI     0.388   0.612   0.220   1.000   
       516   R2L_PFt_ROI      0.424   0.792   0.451   1.000   
       517   R2L_AIP_ROI      0.514   0.843   0.635   1.000   
       518   R2L_EC_ROI       0.220   0.196   0.157   1.000   
       519   R2L_PreS_ROI     0.404   0.267   0.380   1.000   
       520   R2L_H_ROI        0.259   0.247   0.180   1.000   
       521   R2L_ProS_ROI     0.388   0.325   0.694   1.000   
       522   R2L_PeEc_ROI     0.251   0.235   0.212   1.000   
       523   R2L_STGa_ROI     0.227   0.176   0.106   1.000   
       524   R2L_PBelt_ROI    0.773   0.086   0.051   1.000   
       525   R2L_A5_ROI       0.439   0.161   0.024   1.000   
       526   R2L_PHA1_ROI     0.290   0.239   0.337   1.000   
       527   R2L_PHA3_ROI     0.373   0.420   0.494   1.000   
       528   R2L_STSda_ROI    0.282   0.220   0.165   1.000   
       529   R2L_STSdp_ROI    0.376   0.255   0.212   1.000   
       530   R2L_STSvp_ROI    0.369   0.208   0.251   1.000   
       531   R2L_TGd_ROI      0.145   0.133   0.106   1.000   
       532   R2L_TE1a_ROI     0.035   0.027   0.000   1.000   
       533   R2L_TE1p_ROI     0.443   0.408   0.404   1.000   
       534   R2L_TE2a_ROI     0.282   0.224   0.224   1.000   
       535   R2L_TF_ROI       0.267   0.290   0.247   1.000   
       536   R2L_TE2p_ROI     0.427   0.545   0.502   1.000   
       537   R2L_PHT_ROI      0.812   0.965   0.839   1.000   
       538   R2L_PH_ROI       0.294   0.502   0.631   1.000   
       539   R2L_TPOJ1_ROI    0.490   0.369   0.306   1.000   
       540   R2L_TPOJ2_ROI    0.525   0.620   0.545   1.000   
       541   R2L_TPOJ3_ROI    0.400   0.549   0.561   1.000   
       542   R2L_DVT_ROI      0.486   0.518   0.776   1.000   
       543   R2L_PGp_ROI      0.596   0.788   0.867   1.000   
       544   R2L_IP2_ROI      0.745   0.690   0.698   1.000   
       545   R2L_IP1_ROI      0.514   0.455   0.506   1.000   
       546   R2L_IP0_ROI      0.431   0.643   0.824   1.000   
       547   R2L_PFop_ROI     0.643   0.745   0.510   1.000   
       548   R2L_PF_ROI       1.000   0.969   0.847   1.000   
       549   R2L_PFm_ROI      0.671   0.482   0.529   1.000   
       550   R2L_PGi_ROI      0.239   0.247   0.220   1.000   
       551   R2L_PGs_ROI      0.412   0.322   0.322   1.000   
       552   R2L_V6A_ROI      0.204   0.400   0.702   1.000   
       553   R2L_VMV1_ROI     0.235   0.275   0.682   1.000   
       554   R2L_VMV3_ROI     0.200   0.259   0.643   1.000   
       555   R2L_PHA2_ROI     0.345   0.376   0.392   1.000   
       556   R2L_V4t_ROI      0.071   0.365   0.518   1.000   
       557   R2L_FST_ROI      0.294   0.627   0.576   1.000   
       558   R2L_V3CD_ROI     0.110   0.278   0.796   1.000   
       559   R2L_LO3_ROI      0.255   0.400   0.686   1.000   
       560   R2L_VMV2_ROI     0.267   0.290   0.690   1.000   
       561   R2L_31pd_ROI     0.392   0.173   0.322   1.000   
       562   R2L_31a_ROI      0.576   0.388   0.490   1.000   
       563   R2L_VVC_ROI      0.231   0.263   0.486   1.000   
       564   R2L_25_ROI       0.141   0.075   0.051   1.000   
       565   R2L_s32_ROI      0.129   0.039   0.027   1.000   
       566   R2L_pOFC_ROI     0.396   0.224   0.275   1.000   
       567   R2L_PoI1_ROI     0.714   0.443   0.416   1.000   
       568   R2L_Ig_ROI       0.416   0.502   0.157   1.000   
       569   R2L_FOP5_ROI     0.682   0.369   0.431   1.000   
       570   R2L_p10p_ROI     0.412   0.286   0.349   1.000   
       571   R2L_p47r_ROI     0.635   0.443   0.494   1.000   
       572   R2L_TGv_ROI      0.247   0.251   0.216   1.000   
       573   R2L_MBelt_ROI    0.741   0.039   0.090   1.000   
       574   R2L_LBelt_ROI    0.835   0.090   0.118   1.000   
       575   R2L_A4_ROI       0.608   0.137   0.035   1.000   
       576   R2L_STSva_ROI    0.169   0.141   0.110   1.000   
       577   R2L_TE1m_ROI     0.361   0.208   0.239   1.000   
       578   R2L_PI_ROI       0.498   0.208   0.220   1.000   
       579   R2L_a32pr_ROI    0.620   0.302   0.416   1.000   
       580   R2L_p24_ROI      0.494   0.149   0.294   1.000   
       581   L2R_V1_ROI       0.263   0.039   1.000   1.000   
       582   L2R_MST_ROI      0.192   0.357   0.498   1.000   
       583   L2R_V6_ROI       0.192   0.333   0.659   1.000   
       584   L2R_V2_ROI       0.051   0.200   0.929   1.000   
       585   L2R_V3_ROI       0.020   0.133   0.914   1.000   
       586   L2R_V4_ROI       0.035   0.078   0.835   1.000   
       587   L2R_V8_ROI       0.071   0.161   0.749   1.000   
       588   L2R_4_ROI        0.110   0.682   0.082   1.000   
       589   L2R_3b_ROI       0.114   0.800   0.075   1.000   
       590   L2R_FEF_ROI      0.518   0.561   0.537   1.000   
       591   L2R_PEF_ROI      0.541   0.612   0.580   1.000   
       592   L2R_55b_ROI      0.235   0.341   0.192   1.000   
       593   L2R_V3A_ROI      0.008   0.235   0.969   1.000   
       594   L2R_RSC_ROI      0.592   0.251   0.486   1.000   
       595   L2R_POS2_ROI     0.733   0.369   0.733   1.000   
       596   L2R_V7_ROI       0.035   0.286   0.737   1.000   
       597   L2R_IPS1_ROI     0.184   0.420   0.647   1.000   
       598   L2R_FFC_ROI      0.224   0.333   0.463   1.000   
       599   L2R_V3B_ROI      0.078   0.188   0.792   1.000   
       600   L2R_LO1_ROI      0.000   0.161   0.722   1.000   
       601   L2R_LO2_ROI      0.035   0.114   0.714   1.000   
       602   L2R_PIT_ROI      0.106   0.125   0.678   1.000   
       603   L2R_MT_ROI       0.094   0.318   0.380   1.000   
       604   L2R_A1_ROI       0.886   0.090   0.165   1.000   
       605   L2R_PSL_ROI      0.388   0.286   0.184   1.000   
       606   L2R_SFL_ROI      0.078   0.192   0.086   1.000   
       607   L2R_PCV_ROI      0.510   0.522   0.604   1.000   
       608   L2R_STV_ROI      0.522   0.325   0.290   1.000   
       609   L2R_7Pm_ROI      0.596   0.722   0.733   1.000   
       610   L2R_7m_ROI       0.133   0.141   0.145   1.000   
       611   L2R_POS1_ROI     0.310   0.224   0.345   1.000   
       612   L2R_23d_ROI      0.435   0.220   0.318   1.000   
       613   L2R_v23ab_ROI    0.075   0.000   0.031   1.000   
       614   L2R_d23ab_ROI    0.263   0.110   0.196   1.000   
       615   L2R_31pv_ROI     0.188   0.067   0.161   1.000   
       616   L2R_5m_ROI       0.149   0.651   0.192   1.000   
       617   L2R_5mv_ROI      0.565   0.675   0.518   1.000   
       618   L2R_23c_ROI      0.812   0.737   0.749   1.000   
       619   L2R_5L_ROI       0.208   0.620   0.259   1.000   
       620   L2R_24dd_ROI     0.231   0.627   0.149   1.000   
       621   L2R_24dv_ROI     0.467   0.608   0.263   1.000   
       622   L2R_7AL_ROI      0.412   0.773   0.533   1.000   
       623   L2R_SCEF_ROI     0.392   0.565   0.325   1.000   
       624   L2R_6ma_ROI      0.549   0.682   0.525   1.000   
       625   L2R_7Am_ROI      0.694   0.957   0.875   1.000   
       626   L2R_7PL_ROI      0.678   1.000   0.937   1.000   
       627   L2R_7PC_ROI      0.243   0.690   0.424   1.000   
       628   L2R_LIPv_ROI     0.247   0.439   0.643   1.000   
       629   L2R_VIP_ROI      0.180   0.557   0.545   1.000   
       630   L2R_MIP_ROI      0.510   0.800   0.784   1.000   
       631   L2R_1_ROI        0.043   0.761   0.137   1.000   
       632   L2R_2_ROI        0.173   0.690   0.247   1.000   
       633   L2R_3a_ROI       0.173   0.867   0.086   1.000   
       634   L2R_6d_ROI       0.086   0.631   0.137   1.000   
       635   L2R_6mp_ROI      0.243   0.631   0.165   1.000   
       636   L2R_6v_ROI       0.263   0.671   0.208   1.000   
       637   L2R_p24pr_ROI    0.522   0.514   0.388   1.000   
       638   L2R_33pr_ROI     0.506   0.439   0.396   1.000   
       639   L2R_a24pr_ROI    0.624   0.482   0.463   1.000   
       640   L2R_p32pr_ROI    0.592   0.541   0.455   1.000   
       641   L2R_a24_ROI      0.255   0.043   0.082   1.000   
       642   L2R_d32_ROI      0.357   0.161   0.184   1.000   
       643   L2R_8BM_ROI      0.424   0.318   0.322   1.000   
       644   L2R_p32_ROI      0.365   0.129   0.204   1.000   
       645   L2R_10r_ROI      0.078   0.020   0.000   1.000   
       646   L2R_47m_ROI      0.392   0.322   0.302   1.000   
       647   L2R_8Av_ROI      0.216   0.224   0.184   1.000   
       648   L2R_8Ad_ROI      0.243   0.243   0.184   1.000   
       649   L2R_9m_ROI       0.145   0.153   0.086   1.000   
       650   L2R_8BL_ROI      0.094   0.149   0.071   1.000   
       651   L2R_9p_ROI       0.145   0.161   0.110   1.000   
       652   L2R_10d_ROI      0.125   0.137   0.106   1.000   
       653   L2R_8C_ROI       0.388   0.310   0.325   1.000   
       654   L2R_44_ROI       0.282   0.325   0.220   1.000   
       655   L2R_45_ROI       0.180   0.251   0.161   1.000   
       656   L2R_47l_ROI      0.153   0.196   0.118   1.000   
       657   L2R_a47r_ROI     0.318   0.290   0.271   1.000   
       658   L2R_6r_ROI       0.675   0.804   0.576   1.000   
       659   L2R_IFJa_ROI     0.451   0.420   0.361   1.000   
       660   L2R_IFJp_ROI     0.502   0.553   0.478   1.000   
       661   L2R_IFSp_ROI     0.396   0.384   0.361   1.000   
       662   L2R_IFSa_ROI     0.729   0.741   0.686   1.000   
       663   L2R_p9-46v_ROI   0.549   0.565   0.533   1.000   
       664   L2R_46_ROI       0.792   0.827   0.769   1.000   
       665   L2R_a9-46v_ROI   0.549   0.431   0.510   1.000   
       666   L2R_9-46d_ROI    0.506   0.439   0.498   1.000   
       667   L2R_9a_ROI       0.184   0.212   0.184   1.000   
       668   L2R_10v_ROI      0.012   0.122   0.043   1.000   
       669   L2R_a10p_ROI     0.361   0.263   0.322   1.000   
       670   L2R_10pp_ROI     0.212   0.200   0.220   1.000   
       671   L2R_11l_ROI      0.506   0.416   0.467   1.000   
       672   L2R_13l_ROI      0.345   0.247   0.290   1.000   
       673   L2R_OFC_ROI      0.157   0.153   0.137   1.000   
       674   L2R_47s_ROI      0.243   0.149   0.137   1.000   
       675   L2R_LIPd_ROI     0.608   0.675   0.796   1.000   
       676   L2R_6a_ROI       0.478   0.753   0.533   1.000   
       677   L2R_i6-8_ROI     0.384   0.396   0.353   1.000   
       678   L2R_s6-8_ROI     0.365   0.353   0.298   1.000   
       679   L2R_43_ROI       0.525   0.537   0.239   1.000   
       680   L2R_OP4_ROI      0.384   0.592   0.165   1.000   
       681   L2R_OP1_ROI      0.369   0.600   0.149   1.000   
       682   L2R_OP2-3_ROI    0.525   0.467   0.196   1.000   
       683   L2R_52_ROI       0.816   0.298   0.239   1.000   
       684   L2R_RI_ROI       0.651   0.271   0.098   1.000   
       685   L2R_PFcm_ROI     0.698   0.569   0.353   1.000   
       686   L2R_PoI2_ROI     0.482   0.498   0.318   1.000   
       687   L2R_TA2_ROI      0.494   0.157   0.090   1.000   
       688   L2R_FOP4_ROI     0.663   0.541   0.478   1.000   
       689   L2R_MI_ROI       0.584   0.435   0.408   1.000   
       690   L2R_Pir_ROI      0.357   0.278   0.255   1.000   
       691   L2R_AVI_ROI      0.522   0.275   0.325   1.000   
       692   L2R_AAIC_ROI     0.333   0.133   0.157   1.000   
       693   L2R_FOP1_ROI     0.557   0.565   0.306   1.000   
       694   L2R_FOP3_ROI     0.678   0.522   0.392   1.000   
       695   L2R_FOP2_ROI     0.384   0.612   0.224   1.000   
       696   L2R_PFt_ROI      0.533   0.875   0.553   1.000   
       697   L2R_AIP_ROI      0.541   0.859   0.647   1.000   
       698   L2R_EC_ROI       0.184   0.196   0.153   1.000   
       699   L2R_PreS_ROI     0.376   0.239   0.349   1.000   
       700   L2R_H_ROI        0.247   0.224   0.176   1.000   
       701   L2R_ProS_ROI     0.361   0.278   0.690   1.000   
       702   L2R_PeEc_ROI     0.243   0.255   0.224   1.000   
       703   L2R_STGa_ROI     0.184   0.180   0.094   1.000   
       704   L2R_PBelt_ROI    0.737   0.102   0.031   1.000   
       705   L2R_A5_ROI       0.353   0.173   0.039   1.000   
       706   L2R_PHA1_ROI     0.278   0.208   0.329   1.000   
       707   L2R_PHA3_ROI     0.416   0.408   0.486   1.000   
       708   L2R_STSda_ROI    0.247   0.208   0.137   1.000   
       709   L2R_STSdp_ROI    0.224   0.227   0.137   1.000   
       710   L2R_STSvp_ROI    0.251   0.208   0.204   1.000   
       711   L2R_TGd_ROI      0.110   0.145   0.094   1.000   
       712   L2R_TE1a_ROI     0.012   0.059   0.004   1.000   
       713   L2R_TE1p_ROI     0.408   0.392   0.380   1.000   
       714   L2R_TE2a_ROI     0.267   0.251   0.235   1.000   
       715   L2R_TF_ROI       0.239   0.278   0.220   1.000   
       716   L2R_TE2p_ROI     0.447   0.553   0.502   1.000   
       717   L2R_PHT_ROI      0.914   0.984   0.894   1.000   
       718   L2R_PH_ROI       0.329   0.471   0.631   1.000   
       719   L2R_TPOJ1_ROI    0.463   0.361   0.271   1.000   
       720   L2R_TPOJ2_ROI    0.596   0.604   0.545   1.000   
       721   L2R_TPOJ3_ROI    0.463   0.533   0.573   1.000   
       722   L2R_DVT_ROI      0.447   0.478   0.757   1.000   
       723   L2R_PGp_ROI      0.635   0.737   0.902   1.000   
       724   L2R_IP2_ROI      0.722   0.651   0.706   1.000   
       725   L2R_IP1_ROI      0.478   0.482   0.533   1.000   
       726   L2R_IP0_ROI      0.447   0.604   0.808   1.000   
       727   L2R_PFop_ROI     0.690   0.792   0.549   1.000   
       728   L2R_PF_ROI       1.000   0.976   0.875   1.000   
       729   L2R_PFm_ROI      0.541   0.404   0.451   1.000   
       730   L2R_PGi_ROI      0.200   0.251   0.200   1.000   
       731   L2R_PGs_ROI      0.267   0.275   0.235   1.000   
       732   L2R_V6A_ROI      0.110   0.361   0.651   1.000   
       733   L2R_VMV1_ROI     0.239   0.247   0.694   1.000   
       734   L2R_VMV3_ROI     0.192   0.224   0.651   1.000   
       735   L2R_PHA2_ROI     0.357   0.333   0.353   1.000   
       736   L2R_V4t_ROI      0.043   0.298   0.506   1.000   
       737   L2R_FST_ROI      0.325   0.584   0.588   1.000   
       738   L2R_V3CD_ROI     0.059   0.184   0.706   1.000   
       739   L2R_LO3_ROI      0.208   0.353   0.667   1.000   
       740   L2R_VMV2_ROI     0.271   0.239   0.663   1.000   
       741   L2R_31pd_ROI     0.216   0.133   0.216   1.000   
       742   L2R_31a_ROI      0.569   0.396   0.490   1.000   
       743   L2R_VVC_ROI      0.200   0.224   0.486   1.000   
       744   L2R_25_ROI       0.118   0.094   0.039   1.000   
       745   L2R_s32_ROI      0.176   0.137   0.075   1.000   
       746   L2R_pOFC_ROI     0.322   0.227   0.259   1.000   
       747   L2R_PoI1_ROI     0.663   0.451   0.400   1.000   
       748   L2R_Ig_ROI       0.361   0.545   0.145   1.000   
       749   L2R_FOP5_ROI     0.596   0.380   0.400   1.000   
       750   L2R_p10p_ROI     0.365   0.251   0.329   1.000   
       751   L2R_p47r_ROI     0.525   0.463   0.455   1.000   
       752   L2R_TGv_ROI      0.149   0.208   0.161   1.000   
       753   L2R_MBelt_ROI    0.714   0.078   0.071   1.000   
       754   L2R_LBelt_ROI    0.902   0.078   0.106   1.000   
       755   L2R_A4_ROI       0.573   0.145   0.016   1.000   
       756   L2R_STSva_ROI    0.098   0.122   0.071   1.000   
       757   L2R_TE1m_ROI     0.263   0.188   0.192   1.000   
       758   L2R_PI_ROI       0.478   0.208   0.196   1.000   
       759   L2R_a32pr_ROI    0.502   0.259   0.337   1.000   
       760   L2R_p24_ROI      0.463   0.149   0.275   1.000   
